3
19
35
51
67
83
99
115
131
147
163
179
195
211
227
243
259
275
291
307
323
339
355
371
387
403
419
435
451
467
483
499
515
531
547
563
579
595
611
627
643
659
675
691
707
723
739
755
771
787
803
819
835
851
867
883
899
915
931
947
963
979
995
1011
1027
1043
1059
1075
1091
1107
1123
1139
1155
1171
1187
1203
1219
1235
1251
1267
1283
1299
1315
1331
1347
1363
1379
1395
1411
1427
1443
1459
1475
1491
1507
1523
1539
1555
1571
1587
1603
1619
1635
1651
1667
1683
1699
1715
1731
1747
1763
1779
1795
1811
1827
1843
1859
1875
1891
1907
1923
1939
1955
1971
1987
2003
2019
2035
2051
2067
2083
2099
2115
2131
2147
2163
2179
2195
2211
2227
2243
2259
2275
2291
2307
2323
2339
2355
2371
2387
2403
2419
2435
2451
2467
2483
2499
2515
2531
2547
2563
2579
2595
2611
2627
2643
2659
2675
2691
2707
2723
2739
2755
2771
2787
2803
2819
2835
2851
2867
2883
2899
2915
2931
2947
2963
2979
2995
3011
3027
3043
3059
3075
3091
3107
3123
3139
3155
3171
3187
3203
3219
3235
3251
3267
3283
3299
3315
3331
3347
3363
3379
3395
3411
3427
3443
3459
3475
3491
3507
3523
3539
3555
3571
3587
3603
3619
3635
3651
3667
3683
3699
3715
3731
3747
3763
3779
3795
3811
3827
3843
3859
3875
3891
3907
3923
3939
3955
3971
3987
4003
4019
4035
4051
4067
4083
4099
4115
4131
4147
4163
4179
4195
4211
4227
4243
4259
4275
4291
4307
4323
4339
4355
4371
4387
4403
4419
4435
4451
4467
4483
4499
4515
4531
4547
4563
4579
4595
4611
4627
4643
4659
4675
4691
4707
4723
4739
4755
4771
4787
4803
4819
4835
4851
4867
4883
4899
4915
4931
4947
4963
4979
4995
5011
5027
5043
5059
5075
5091
5107
5123
5139
5155
5171
5187
5203
5219
5235
5251
5267
5283
5299
5315
5331
5347
5363
5379
5395
5411
5427
5443
5459
5475
5491
5507
5523
5539
5555
5571
5587
5603
5619
5635
5651
5667
5683
5699
5715
5731
5747
5763
5779
5795
5811
5827
5843
5859
5875
5891
5907
5923
5939
5955
5971
5987
6003
6019
6035
6051
6067
6083
6099
6115
6131
6147
6163
6179
6195
6211
6227
6243
6259
6275
6291
6307
6323
6339
6355
6371
6387
6403
6419
6435
6451
6467
6483
6499
6515
6531
6547
6563
6579
6595
6611
6627
6643
6659
6675
6691
6707
6723
6739
6755
6771
6787
6803
6819
6835
6851
6867
6883
6899
6915
6931
6947
6963
6979
6995
7011
7027
7043
7059
7075
7091
7107
7123
7139
7155
7171
7187
7203
7219
7235
7251
7267
7283
7299
7315
7331
7347
7363
7379
7395
7411
7427
7443
7459
7475
7491
7507
7523
7539
7555
7571
7587
7603
7619
7635
7651
7667
7683
7699
7715
7731
7747
7763
7779
7795
7811
7827
7843
7859
7875
7891
7907
7923
7939
7955
7971
7987
8003
8019
8035
8051
8067
8083
8099
8115
8131
8147
8163
8179
8195
8211
8227
8243
8259
8275
8291
8307
8323
8339
8355
8371
8387
8403
8419
8435
8451
8467
8483
8499
8515
8531
8547
8563
8579
8595
8611
8627
8643
8659
8675
8691
8707
8723
8739
8755
8771
8787
8803
8819
8835
8851
8867
8883
8899
8915
8931
8947
8963
8979
8995
9011
9027
9043
9059
9075
9091
9107
9123
9139
9155
9171
9187
9203
9219
9235
9251
9267
9283
9299
9315
9331
9347
9363
9379
9395
9411
9427
9443
9459
9475
9491
9507
9523
9539
9555
9571
9587
9603
9619
9635
9651
9667
9683
9699
9715
9731
9747
9763
9779
9795
9811
9827
9843
9859
9875
9891
9907
9923
9939
9955
9971
9987
10003
10019
10035
10051
10067
10083
10099
10115
10131
10147
10163
10179
10195
10211
10227
10243
10259
10275
10291
10307
10323
10339
10355
10371
10387
10403
10419
10435
10451
10467
10483
10499
10515
10531
10547
10563
10579
10595
10611
10627
10643
10659
10675
10691
10707
10723
10739
10755
10771
10787
10803
10819
10835
10851
10867
10883
10899
10915
10931
10947
10963
10979
10995
11011
11027
11043
11059
11075
11091
11107
11123
11139
11155
11171
11187
11203
11219
11235
11251
11267
11283
11299
11315
11331
11347
11363
11379
11395
11411
11427
11443
11459
11475
11491
11507
11523
11539
11555
11571
11587
11603
11619
11635
11651
11667
11683
11699
11715
11731
11747
11763
11779
11795
11811
11827
11843
11859
11875
11891
11907
11923
11939
11955
11971
11987
12003
12019
12035
12051
12067
12083
12099
12115
12131
12147
12163
12179
12195
12211
12227
12243
12259
12275
12291
12307
12323
12339
12355
12371
12387
12403
12419
12435
12451
12467
12483
12499
12515
12531
12547
12563
12579
12595
12611
12627
12643
12659
12675
12691
12707
12723
12739
12755
12771
12787
12803
12819
12835
12851
12867
12883
12899
12915
12931
12947
12963
12979
12995
13011
13027
13043
13059
13075
13091
13107
13123
13139
13155
13171
13187
13203
13219
13235
13251
13267
13283
13299
13315
13331
13347
13363
13379
13395
13411
13427
13443
13459
13475
13491
13507
13523
13539
13555
13571
13587
13603
13619
13635
13651
13667
13683
13699
13715
13731
13747
13763
13779
13795
13811
13827
13843
13859
13875
13891
13907
13923
13939
13955
13971
13987
14003
14019
14035
14051
14067
14083
14099
14115
14131
14147
14163
14179
14195
14211
14227
14243
14259
14275
14291
14307
14323
14339
14355
14371
14387
14403
14419
14435
14451
14467
14483
14499
14515
14531
14547
14563
14579
14595
14611
14627
14643
14659
14675
14691
14707
14723
14739
14755
14771
14787
14803
14819
14835
14851
14867
14883
14899
14915
14931
14947
14963
14979
14995
15011
15027
15043
15059
15075
15091
15107
15123
15139
15155
15171
15187
15203
15219
15235
15251
15267
15283
15299
15315
15331
15347
15363
15379
15395
15411
15427
15443
15459
15475
15491
15507
15523
15539
15555
15571
15587
15603
15619
15635
15651
15667
15683
15699
15715
15731
15747
15763
15779
15795
15811
15827
15843
15859
15875
15891
15907
15923
15939
15955
15971
15987
16003
16019
16035
16051
16067
16083
16099
16115
16131
16147
16163
16179
16195
16211
16227
16243
16259
16275
16291
16307
16323
16339
16355
16371
16387
16403
16419
16435
16451
16467
16483
16499
16515
16531
16547
16563
16579
16595
16611
16627
16643
16659
16675
16691
16707
16723
16739
16755
16771
16787
16803
16819
16835
16851
16867
16883
16899
16915
16931
16947
16963
16979
16995
17011
17027
17043
17059
17075
17091
17107
17123
17139
17155
17171
17187
17203
17219
17235
17251
17267
17283
17299
17315
17331
17347
17363
17379
17395
17411
17427
17443
17459
17475
17491
17507
17523
17539
17555
17571
17587
17603
17619
17635
17651
17667
17683
17699
17715
17731
17747
17763
17779
17795
17811
17827
17843
17859
17875
17891
17907
17923
17939
17955
17971
17987
18003
18019
18035
18051
18067
18083
18099
18115
18131
18147
18163
18179
18195
18211
18227
18243
18259
18275
18291
18307
18323
18339
18355
18371
18387
18403
18419
18435
18451
18467
18483
18499
18515
18531
18547
18563
18579
18595
18611
18627
18643
18659
18675
18691
18707
18723
18739
18755
18771
18787
18803
18819
18835
18851
18867
18883
18899
18915
18931
18947
18963
18979
18995
19011
19027
19043
19059
19075
19091
19107
19123
19139
19155
19171
19187
19203
19219
19235
19251
19267
19283
19299
19315
19331
19347
19363
19379
19395
19411
19427
19443
19459
19475
19491
19507
19523
19539
19555
19571
19587
19603
19619
19635
19651
19667
19683
19699
19715
19731
19747
19763
19779
19795
19811
19827
19843
19859
19875
19891
19907
19923
19939
19955
19971
19987
20003
20019
20035
20051
20067
20083
20099
20115
20131
20147
20163
20179
20195
20211
20227
20243
20259
20275
20291
20307
20323
20339
20355
20371
20387
20403
20419
20435
20451
20467
20483
20499
20515
20531
20547
20563
20579
20595
20611
20627
20643
20659
20675
20691
20707
20723
20739
20755
20771
20787
20803
20819
20835
20851
20867
20883
20899
20915
20931
20947
20963
20979
20995
21011
21027
21043
21059
21075
21091
21107
21123
21139
21155
21171
21187
21203
21219
21235
21251
21267
21283
21299
21315
21331
21347
21363
21379
21395
21411
21427
21443
21459
21475
21491
21507
21523
21539
21555
21571
21587
21603
21619
21635
21651
21667
21683
21699
21715
21731
21747
21763
21779
21795
21811
21827
21843
21859
21875
21891
21907
21923
21939
21955
21971
21987
22003
22019
22035
22051
22067
22083
22099
22115
22131
22147
22163
22179
22195
22211
22227
22243
22259
22275
22291
22307
22323
22339
22355
22371
22387
22403
22419
22435
22451
22467
22483
22499
22515
22531
22547
22563
22579
22595
22611
22627
22643
22659
22675
22691
22707
22723
22739
22755
22771
22787
22803
22819
22835
22851
22867
22883
22899
22915
22931
22947
22963
22979
22995
23011
23027
23043
23059
23075
23091
23107
23123
23139
23155
23171
23187
23203
23219
23235
23251
23267
23283
23299
23315
23331
23347
23363
23379
23395
23411
23427
23443
23459
23475
23491
23507
23523
23539
23555
23571
23587
23603
23619
23635
23651
23667
23683
23699
23715
23731
23747
23763
23779
23795
23811
23827
23843
23859
23875
23891
23907
23923
23939
23955
23971
23987
24003
24019
24035
24051
24067
24083
24099
24115
24131
24147
24163
24179
24195
24211
24227
24243
24259
24275
24291
24307
24323
24339
24355
24371
24387
24403
24419
24435
24451
24467
24483
24499
24515
24531
24547
24563
24579
24595
24611
24627
24643
24659
24675
24691
24707
24723
24739
24755
24771
24787
24803
24819
24835
24851
24867
24883
24899
24915
24931
24947
24963
24979
24995
25011
25027
25043
25059
25075
25091
25107
25123
25139
25155
25171
25187
25203
25219
25235
25251
25267
25283
25299
25315
25331
25347
25363
25379
25395
25411
25427
25443
25459
25475
25491
25507
25523
25539
25555
25571
25587
25603
25619
25635
25651
25667
25683
25699
25715
25731
25747
25763
25779
25795
25811
25827
25843
25859
25875
25891
25907
25923
25939
25955
25971
25987
26003
26019
26035
26051
26067
26083
26099
26115
26131
26147
26163
26179
26195
26211
26227
26243
26259
26275
26291
26307
26323
26339
26355
26371
26387
26403
26419
26435
26451
26467
26483
26499
26515
26531
26547
26563
26579
26595
26611
26627
26643
26659
26675
26691
26707
26723
26739
26755
26771
26787
26803
26819
26835
26851
26867
26883
26899
26915
26931
26947
26963
26979
26995
27011
27027
27043
27059
27075
27091
27107
27123
27139
27155
27171
27187
27203
27219
27235
27251
27267
27283
27299
27315
27331
27347
27363
27379
27395
27411
27427
27443
27459
27475
27491
27507
27523
27539
27555
27571
27587
27603
27619
27635
27651
27667
27683
27699
27715
27731
27747
27763
27779
27795
27811
27827
27843
27859
27875
27891
27907
27923
27939
27955
27971
27987
28003
28019
28035
28051
28067
28083
28099
28115
28131
28147
28163
28179
28195
28211
28227
28243
28259
28275
28291
28307
28323
28339
28355
28371
28387
28403
28419
28435
28451
28467
28483
28499
28515
28531
28547
28563
28579
28595
28611
28627
28643
28659
28675
28691
28707
28723
28739
28755
28771
28787
28803
28819
28835
28851
28867
28883
28899
28915
28931
28947
28963
28979
28995
29011
29027
29043
29059
29075
29091
29107
29123
29139
29155
29171
29187
29203
29219
29235
29251
29267
29283
29299
29315
29331
29347
29363
29379
29395
29411
29427
29443
29459
29475
29491
29507
29523
29539
29555
29571
29587
29603
29619
29635
29651
29667
29683
29699
29715
29731
29747
29763
29779
29795
29811
29827
29843
29859
29875
29891
29907
29923
29939
29955
29971
29987
30003
30019
30035
30051
30067
30083
30099
30115
30131
30147
30163
30179
30195
30211
30227
30243
30259
30275
30291
30307
30323
30339
30355
30371
30387
30403
30419
30435
30451
30467
30483
30499
30515
30531
30547
30563
30579
30595
30611
30627
30643
30659
30675
30691
30707
30723
30739
30755
30771
30787
30803
30819
30835
30851
30867
30883
30899
30915
30931
30947
30963
30979
30995
31011
31027
31043
31059
31075
31091
31107
31123
31139
31155
31171
31187
31203
31219
31235
31251
31267
31283
31299
31315
31331
31347
31363
31379
31395
31411
31427
31443
31459
31475
31491
31507
31523
31539
31555
31571
31587
31603
31619
31635
31651
31667
31683
31699
31715
31731
31747
31763
31779
31795
31811
31827
31843
31859
31875
31891
31907
31923
31939
31955
31971
31987
32003
32019
32035
32051
32067
32083
32099
32115
32131
32147
32163
32179
32195
32211
32227
32243
32259
32275
32291
32307
32323
32339
32355
32371
32387
32403
32419
32435
32451
32467
32483
32499
32515
32531
32547
32563
32579
32595
32611
32627
32643
32659
32675
32691
32707
32723
32739
32755
