1
17
33
49
65
81
97
113
129
145
161
177
193
209
225
241
257
273
289
305
321
337
353
369
385
401
417
433
449
465
481
497
513
529
545
561
577
593
609
625
641
657
673
689
705
721
737
753
769
785
801
817
833
849
865
881
897
913
929
945
961
977
993
1009
1025
1041
1057
1073
1089
1105
1121
1137
1153
1169
1185
1201
1217
1233
1249
1265
1281
1297
1313
1329
1345
1361
1377
1393
1409
1425
1441
1457
1473
1489
1505
1521
1537
1553
1569
1585
1601
1617
1633
1649
1665
1681
1697
1713
1729
1745
1761
1777
1793
1809
1825
1841
1857
1873
1889
1905
1921
1937
1953
1969
1985
2001
2017
2033
2049
2065
2081
2097
2113
2129
2145
2161
2177
2193
2209
2225
2241
2257
2273
2289
2305
2321
2337
2353
2369
2385
2401
2417
2433
2449
2465
2481
2497
2513
2529
2545
2561
2577
2593
2609
2625
2641
2657
2673
2689
2705
2721
2737
2753
2769
2785
2801
2817
2833
2849
2865
2881
2897
2913
2929
2945
2961
2977
2993
3009
3025
3041
3057
3073
3089
3105
3121
3137
3153
3169
3185
3201
3217
3233
3249
3265
3281
3297
3313
3329
3345
3361
3377
3393
3409
3425
3441
3457
3473
3489
3505
3521
3537
3553
3569
3585
3601
3617
3633
3649
3665
3681
3697
3713
3729
3745
3761
3777
3793
3809
3825
3841
3857
3873
3889
3905
3921
3937
3953
3969
3985
4001
4017
4033
4049
4065
4081
4097
4113
4129
4145
4161
4177
4193
4209
4225
4241
4257
4273
4289
4305
4321
4337
4353
4369
4385
4401
4417
4433
4449
4465
4481
4497
4513
4529
4545
4561
4577
4593
4609
4625
4641
4657
4673
4689
4705
4721
4737
4753
4769
4785
4801
4817
4833
4849
4865
4881
4897
4913
4929
4945
4961
4977
4993
5009
5025
5041
5057
5073
5089
5105
5121
5137
5153
5169
5185
5201
5217
5233
5249
5265
5281
5297
5313
5329
5345
5361
5377
5393
5409
5425
5441
5457
5473
5489
5505
5521
5537
5553
5569
5585
5601
5617
5633
5649
5665
5681
5697
5713
5729
5745
5761
5777
5793
5809
5825
5841
5857
5873
5889
5905
5921
5937
5953
5969
5985
6001
6017
6033
6049
6065
6081
6097
6113
6129
6145
6161
6177
6193
6209
6225
6241
6257
6273
6289
6305
6321
6337
6353
6369
6385
6401
6417
6433
6449
6465
6481
6497
6513
6529
6545
6561
6577
6593
6609
6625
6641
6657
6673
6689
6705
6721
6737
6753
6769
6785
6801
6817
6833
6849
6865
6881
6897
6913
6929
6945
6961
6977
6993
7009
7025
7041
7057
7073
7089
7105
7121
7137
7153
7169
7185
7201
7217
7233
7249
7265
7281
7297
7313
7329
7345
7361
7377
7393
7409
7425
7441
7457
7473
7489
7505
7521
7537
7553
7569
7585
7601
7617
7633
7649
7665
7681
7697
7713
7729
7745
7761
7777
7793
7809
7825
7841
7857
7873
7889
7905
7921
7937
7953
7969
7985
8001
8017
8033
8049
8065
8081
8097
8113
8129
8145
8161
8177
8193
8209
8225
8241
8257
8273
8289
8305
8321
8337
8353
8369
8385
8401
8417
8433
8449
8465
8481
8497
8513
8529
8545
8561
8577
8593
8609
8625
8641
8657
8673
8689
8705
8721
8737
8753
8769
8785
8801
8817
8833
8849
8865
8881
8897
8913
8929
8945
8961
8977
8993
9009
9025
9041
9057
9073
9089
9105
9121
9137
9153
9169
9185
9201
9217
9233
9249
9265
9281
9297
9313
9329
9345
9361
9377
9393
9409
9425
9441
9457
9473
9489
9505
9521
9537
9553
9569
9585
9601
9617
9633
9649
9665
9681
9697
9713
9729
9745
9761
9777
9793
9809
9825
9841
9857
9873
9889
9905
9921
9937
9953
9969
9985
10001
10017
10033
10049
10065
10081
10097
10113
10129
10145
10161
10177
10193
10209
10225
10241
10257
10273
10289
10305
10321
10337
10353
10369
10385
10401
10417
10433
10449
10465
10481
10497
10513
10529
10545
10561
10577
10593
10609
10625
10641
10657
10673
10689
10705
10721
10737
10753
10769
10785
10801
10817
10833
10849
10865
10881
10897
10913
10929
10945
10961
10977
10993
11009
11025
11041
11057
11073
11089
11105
11121
11137
11153
11169
11185
11201
11217
11233
11249
11265
11281
11297
11313
11329
11345
11361
11377
11393
11409
11425
11441
11457
11473
11489
11505
11521
11537
11553
11569
11585
11601
11617
11633
11649
11665
11681
11697
11713
11729
11745
11761
11777
11793
11809
11825
11841
11857
11873
11889
11905
11921
11937
11953
11969
11985
12001
12017
12033
12049
12065
12081
12097
12113
12129
12145
12161
12177
12193
12209
12225
12241
12257
12273
12289
12305
12321
12337
12353
12369
12385
12401
12417
12433
12449
12465
12481
12497
12513
12529
12545
12561
12577
12593
12609
12625
12641
12657
12673
12689
12705
12721
12737
12753
12769
12785
12801
12817
12833
12849
12865
12881
12897
12913
12929
12945
12961
12977
12993
13009
13025
13041
13057
13073
13089
13105
13121
13137
13153
13169
13185
13201
13217
13233
13249
13265
13281
13297
13313
13329
13345
13361
13377
13393
13409
13425
13441
13457
13473
13489
13505
13521
13537
13553
13569
13585
13601
13617
13633
13649
13665
13681
13697
13713
13729
13745
13761
13777
13793
13809
13825
13841
13857
13873
13889
13905
13921
13937
13953
13969
13985
14001
14017
14033
14049
14065
14081
14097
14113
14129
14145
14161
14177
14193
14209
14225
14241
14257
14273
14289
14305
14321
14337
14353
14369
14385
14401
14417
14433
14449
14465
14481
14497
14513
14529
14545
14561
14577
14593
14609
14625
14641
14657
14673
14689
14705
14721
14737
14753
14769
14785
14801
14817
14833
14849
14865
14881
14897
14913
14929
14945
14961
14977
14993
15009
15025
15041
15057
15073
15089
15105
15121
15137
15153
15169
15185
15201
15217
15233
15249
15265
15281
15297
15313
15329
15345
15361
15377
15393
15409
15425
15441
15457
15473
15489
15505
15521
15537
15553
15569
15585
15601
15617
15633
15649
15665
15681
15697
15713
15729
15745
15761
15777
15793
15809
15825
15841
15857
15873
15889
15905
15921
15937
15953
15969
15985
16001
16017
16033
16049
16065
16081
16097
16113
16129
16145
16161
16177
16193
16209
16225
16241
16257
16273
16289
16305
16321
16337
16353
16369
16385
16401
16417
16433
16449
16465
16481
16497
16513
16529
16545
16561
16577
16593
16609
16625
16641
16657
16673
16689
16705
16721
16737
16753
16769
16785
16801
16817
16833
16849
16865
16881
16897
16913
16929
16945
16961
16977
16993
17009
17025
17041
17057
17073
17089
17105
17121
17137
17153
17169
17185
17201
17217
17233
17249
17265
17281
17297
17313
17329
17345
17361
17377
17393
17409
17425
17441
17457
17473
17489
17505
17521
17537
17553
17569
17585
17601
17617
17633
17649
17665
17681
17697
17713
17729
17745
17761
17777
17793
17809
17825
17841
17857
17873
17889
17905
17921
17937
17953
17969
17985
18001
18017
18033
18049
18065
18081
18097
18113
18129
18145
18161
18177
18193
18209
18225
18241
18257
18273
18289
18305
18321
18337
18353
18369
18385
18401
18417
18433
18449
18465
18481
18497
18513
18529
18545
18561
18577
18593
18609
18625
18641
18657
18673
18689
18705
18721
18737
18753
18769
18785
18801
18817
18833
18849
18865
18881
18897
18913
18929
18945
18961
18977
18993
19009
19025
19041
19057
19073
19089
19105
19121
19137
19153
19169
19185
19201
19217
19233
19249
19265
19281
19297
19313
19329
19345
19361
19377
19393
19409
19425
19441
19457
19473
19489
19505
19521
19537
19553
19569
19585
19601
19617
19633
19649
19665
19681
19697
19713
19729
19745
19761
19777
19793
19809
19825
19841
19857
19873
19889
19905
19921
19937
19953
19969
19985
20001
20017
20033
20049
20065
20081
20097
20113
20129
20145
20161
20177
20193
20209
20225
20241
20257
20273
20289
20305
20321
20337
20353
20369
20385
20401
20417
20433
20449
20465
20481
20497
20513
20529
20545
20561
20577
20593
20609
20625
20641
20657
20673
20689
20705
20721
20737
20753
20769
20785
20801
20817
20833
20849
20865
20881
20897
20913
20929
20945
20961
20977
20993
21009
21025
21041
21057
21073
21089
21105
21121
21137
21153
21169
21185
21201
21217
21233
21249
21265
21281
21297
21313
21329
21345
21361
21377
21393
21409
21425
21441
21457
21473
21489
21505
21521
21537
21553
21569
21585
21601
21617
21633
21649
21665
21681
21697
21713
21729
21745
21761
21777
21793
21809
21825
21841
21857
21873
21889
21905
21921
21937
21953
21969
21985
22001
22017
22033
22049
22065
22081
22097
22113
22129
22145
22161
22177
22193
22209
22225
22241
22257
22273
22289
22305
22321
22337
22353
22369
22385
22401
22417
22433
22449
22465
22481
22497
22513
22529
22545
22561
22577
22593
22609
22625
22641
22657
22673
22689
22705
22721
22737
22753
22769
22785
22801
22817
22833
22849
22865
22881
22897
22913
22929
22945
22961
22977
22993
23009
23025
23041
23057
23073
23089
23105
23121
23137
23153
23169
23185
23201
23217
23233
23249
23265
23281
23297
23313
23329
23345
23361
23377
23393
23409
23425
23441
23457
23473
23489
23505
23521
23537
23553
23569
23585
23601
23617
23633
23649
23665
23681
23697
23713
23729
23745
23761
23777
23793
23809
23825
23841
23857
23873
23889
23905
23921
23937
23953
23969
23985
24001
24017
24033
24049
24065
24081
24097
24113
24129
24145
24161
24177
24193
24209
24225
24241
24257
24273
24289
24305
24321
24337
24353
24369
24385
24401
24417
24433
24449
24465
24481
24497
24513
24529
24545
24561
24577
24593
24609
24625
24641
24657
24673
24689
24705
24721
24737
24753
24769
24785
24801
24817
24833
24849
24865
24881
24897
24913
24929
24945
24961
24977
24993
25009
25025
25041
25057
25073
25089
25105
25121
25137
25153
25169
25185
25201
25217
25233
25249
25265
25281
25297
25313
25329
25345
25361
25377
25393
25409
25425
25441
25457
25473
25489
25505
25521
25537
25553
25569
25585
25601
25617
25633
25649
25665
25681
25697
25713
25729
25745
25761
25777
25793
25809
25825
25841
25857
25873
25889
25905
25921
25937
25953
25969
25985
26001
26017
26033
26049
26065
26081
26097
26113
26129
26145
26161
26177
26193
26209
26225
26241
26257
26273
26289
26305
26321
26337
26353
26369
26385
26401
26417
26433
26449
26465
26481
26497
26513
26529
26545
26561
26577
26593
26609
26625
26641
26657
26673
26689
26705
26721
26737
26753
26769
26785
26801
26817
26833
26849
26865
26881
26897
26913
26929
26945
26961
26977
26993
27009
27025
27041
27057
27073
27089
27105
27121
27137
27153
27169
27185
27201
27217
27233
27249
27265
27281
27297
27313
27329
27345
27361
27377
27393
27409
27425
27441
27457
27473
27489
27505
27521
27537
27553
27569
27585
27601
27617
27633
27649
27665
27681
27697
27713
27729
27745
27761
27777
27793
27809
27825
27841
27857
27873
27889
27905
27921
27937
27953
27969
27985
28001
28017
28033
28049
28065
28081
28097
28113
28129
28145
28161
28177
28193
28209
28225
28241
28257
28273
28289
28305
28321
28337
28353
28369
28385
28401
28417
28433
28449
28465
28481
28497
28513
28529
28545
28561
28577
28593
28609
28625
28641
28657
28673
28689
28705
28721
28737
28753
28769
28785
28801
28817
28833
28849
28865
28881
28897
28913
28929
28945
28961
28977
28993
29009
29025
29041
29057
29073
29089
29105
29121
29137
29153
29169
29185
29201
29217
29233
29249
29265
29281
29297
29313
29329
29345
29361
29377
29393
29409
29425
29441
29457
29473
29489
29505
29521
29537
29553
29569
29585
29601
29617
29633
29649
29665
29681
29697
29713
29729
29745
29761
29777
29793
29809
29825
29841
29857
29873
29889
29905
29921
29937
29953
29969
29985
30001
30017
30033
30049
30065
30081
30097
30113
30129
30145
30161
30177
30193
30209
30225
30241
30257
30273
30289
30305
30321
30337
30353
30369
30385
30401
30417
30433
30449
30465
30481
30497
30513
30529
30545
30561
30577
30593
30609
30625
30641
30657
30673
30689
30705
30721
30737
30753
30769
30785
30801
30817
30833
30849
30865
30881
30897
30913
30929
30945
30961
30977
30993
31009
31025
31041
31057
31073
31089
31105
31121
31137
31153
31169
31185
31201
31217
31233
31249
31265
31281
31297
31313
31329
31345
31361
31377
31393
31409
31425
31441
31457
31473
31489
31505
31521
31537
31553
31569
31585
31601
31617
31633
31649
31665
31681
31697
31713
31729
31745
31761
31777
31793
31809
31825
31841
31857
31873
31889
31905
31921
31937
31953
31969
31985
32001
32017
32033
32049
32065
32081
32097
32113
32129
32145
32161
32177
32193
32209
32225
32241
32257
32273
32289
32305
32321
32337
32353
32369
32385
32401
32417
32433
32449
32465
32481
32497
32513
32529
32545
32561
32577
32593
32609
32625
32641
32657
32673
32689
32705
32721
32737
32753
