4
20
36
52
68
84
100
116
132
148
164
180
196
212
228
244
260
276
292
308
324
340
356
372
388
404
420
436
452
468
484
500
516
532
548
564
580
596
612
628
644
660
676
692
708
724
740
756
772
788
804
820
836
852
868
884
900
916
932
948
964
980
996
1012
1028
1044
1060
1076
1092
1108
1124
1140
1156
1172
1188
1204
1220
1236
1252
1268
1284
1300
1316
1332
1348
1364
1380
1396
1412
1428
1444
1460
1476
1492
1508
1524
1540
1556
1572
1588
1604
1620
1636
1652
1668
1684
1700
1716
1732
1748
1764
1780
1796
1812
1828
1844
1860
1876
1892
1908
1924
1940
1956
1972
1988
2004
2020
2036
2052
2068
2084
2100
2116
2132
2148
2164
2180
2196
2212
2228
2244
2260
2276
2292
2308
2324
2340
2356
2372
2388
2404
2420
2436
2452
2468
2484
2500
2516
2532
2548
2564
2580
2596
2612
2628
2644
2660
2676
2692
2708
2724
2740
2756
2772
2788
2804
2820
2836
2852
2868
2884
2900
2916
2932
2948
2964
2980
2996
3012
3028
3044
3060
3076
3092
3108
3124
3140
3156
3172
3188
3204
3220
3236
3252
3268
3284
3300
3316
3332
3348
3364
3380
3396
3412
3428
3444
3460
3476
3492
3508
3524
3540
3556
3572
3588
3604
3620
3636
3652
3668
3684
3700
3716
3732
3748
3764
3780
3796
3812
3828
3844
3860
3876
3892
3908
3924
3940
3956
3972
3988
4004
4020
4036
4052
4068
4084
4100
4116
4132
4148
4164
4180
4196
4212
4228
4244
4260
4276
4292
4308
4324
4340
4356
4372
4388
4404
4420
4436
4452
4468
4484
4500
4516
4532
4548
4564
4580
4596
4612
4628
4644
4660
4676
4692
4708
4724
4740
4756
4772
4788
4804
4820
4836
4852
4868
4884
4900
4916
4932
4948
4964
4980
4996
5012
5028
5044
5060
5076
5092
5108
5124
5140
5156
5172
5188
5204
5220
5236
5252
5268
5284
5300
5316
5332
5348
5364
5380
5396
5412
5428
5444
5460
5476
5492
5508
5524
5540
5556
5572
5588
5604
5620
5636
5652
5668
5684
5700
5716
5732
5748
5764
5780
5796
5812
5828
5844
5860
5876
5892
5908
5924
5940
5956
5972
5988
6004
6020
6036
6052
6068
6084
6100
6116
6132
6148
6164
6180
6196
6212
6228
6244
6260
6276
6292
6308
6324
6340
6356
6372
6388
6404
6420
6436
6452
6468
6484
6500
6516
6532
6548
6564
6580
6596
6612
6628
6644
6660
6676
6692
6708
6724
6740
6756
6772
6788
6804
6820
6836
6852
6868
6884
6900
6916
6932
6948
6964
6980
6996
7012
7028
7044
7060
7076
7092
7108
7124
7140
7156
7172
7188
7204
7220
7236
7252
7268
7284
7300
7316
7332
7348
7364
7380
7396
7412
7428
7444
7460
7476
7492
7508
7524
7540
7556
7572
7588
7604
7620
7636
7652
7668
7684
7700
7716
7732
7748
7764
7780
7796
7812
7828
7844
7860
7876
7892
7908
7924
7940
7956
7972
7988
8004
8020
8036
8052
8068
8084
8100
8116
8132
8148
8164
8180
8196
8212
8228
8244
8260
8276
8292
8308
8324
8340
8356
8372
8388
8404
8420
8436
8452
8468
8484
8500
8516
8532
8548
8564
8580
8596
8612
8628
8644
8660
8676
8692
8708
8724
8740
8756
8772
8788
8804
8820
8836
8852
8868
8884
8900
8916
8932
8948
8964
8980
8996
9012
9028
9044
9060
9076
9092
9108
9124
9140
9156
9172
9188
9204
9220
9236
9252
9268
9284
9300
9316
9332
9348
9364
9380
9396
9412
9428
9444
9460
9476
9492
9508
9524
9540
9556
9572
9588
9604
9620
9636
9652
9668
9684
9700
9716
9732
9748
9764
9780
9796
9812
9828
9844
9860
9876
9892
9908
9924
9940
9956
9972
9988
10004
10020
10036
10052
10068
10084
10100
10116
10132
10148
10164
10180
10196
10212
10228
10244
10260
10276
10292
10308
10324
10340
10356
10372
10388
10404
10420
10436
10452
10468
10484
10500
10516
10532
10548
10564
10580
10596
10612
10628
10644
10660
10676
10692
10708
10724
10740
10756
10772
10788
10804
10820
10836
10852
10868
10884
10900
10916
10932
10948
10964
10980
10996
11012
11028
11044
11060
11076
11092
11108
11124
11140
11156
11172
11188
11204
11220
11236
11252
11268
11284
11300
11316
11332
11348
11364
11380
11396
11412
11428
11444
11460
11476
11492
11508
11524
11540
11556
11572
11588
11604
11620
11636
11652
11668
11684
11700
11716
11732
11748
11764
11780
11796
11812
11828
11844
11860
11876
11892
11908
11924
11940
11956
11972
11988
12004
12020
12036
12052
12068
12084
12100
12116
12132
12148
12164
12180
12196
12212
12228
12244
12260
12276
12292
12308
12324
12340
12356
12372
12388
12404
12420
12436
12452
12468
12484
12500
12516
12532
12548
12564
12580
12596
12612
12628
12644
12660
12676
12692
12708
12724
12740
12756
12772
12788
12804
12820
12836
12852
12868
12884
12900
12916
12932
12948
12964
12980
12996
13012
13028
13044
13060
13076
13092
13108
13124
13140
13156
13172
13188
13204
13220
13236
13252
13268
13284
13300
13316
13332
13348
13364
13380
13396
13412
13428
13444
13460
13476
13492
13508
13524
13540
13556
13572
13588
13604
13620
13636
13652
13668
13684
13700
13716
13732
13748
13764
13780
13796
13812
13828
13844
13860
13876
13892
13908
13924
13940
13956
13972
13988
14004
14020
14036
14052
14068
14084
14100
14116
14132
14148
14164
14180
14196
14212
14228
14244
14260
14276
14292
14308
14324
14340
14356
14372
14388
14404
14420
14436
14452
14468
14484
14500
14516
14532
14548
14564
14580
14596
14612
14628
14644
14660
14676
14692
14708
14724
14740
14756
14772
14788
14804
14820
14836
14852
14868
14884
14900
14916
14932
14948
14964
14980
14996
15012
15028
15044
15060
15076
15092
15108
15124
15140
15156
15172
15188
15204
15220
15236
15252
15268
15284
15300
15316
15332
15348
15364
15380
15396
15412
15428
15444
15460
15476
15492
15508
15524
15540
15556
15572
15588
15604
15620
15636
15652
15668
15684
15700
15716
15732
15748
15764
15780
15796
15812
15828
15844
15860
15876
15892
15908
15924
15940
15956
15972
15988
16004
16020
16036
16052
16068
16084
16100
16116
16132
16148
16164
16180
16196
16212
16228
16244
16260
16276
16292
16308
16324
16340
16356
16372
16388
16404
16420
16436
16452
16468
16484
16500
16516
16532
16548
16564
16580
16596
16612
16628
16644
16660
16676
16692
16708
16724
16740
16756
16772
16788
16804
16820
16836
16852
16868
16884
16900
16916
16932
16948
16964
16980
16996
17012
17028
17044
17060
17076
17092
17108
17124
17140
17156
17172
17188
17204
17220
17236
17252
17268
17284
17300
17316
17332
17348
17364
17380
17396
17412
17428
17444
17460
17476
17492
17508
17524
17540
17556
17572
17588
17604
17620
17636
17652
17668
17684
17700
17716
17732
17748
17764
17780
17796
17812
17828
17844
17860
17876
17892
17908
17924
17940
17956
17972
17988
18004
18020
18036
18052
18068
18084
18100
18116
18132
18148
18164
18180
18196
18212
18228
18244
18260
18276
18292
18308
18324
18340
18356
18372
18388
18404
18420
18436
18452
18468
18484
18500
18516
18532
18548
18564
18580
18596
18612
18628
18644
18660
18676
18692
18708
18724
18740
18756
18772
18788
18804
18820
18836
18852
18868
18884
18900
18916
18932
18948
18964
18980
18996
19012
19028
19044
19060
19076
19092
19108
19124
19140
19156
19172
19188
19204
19220
19236
19252
19268
19284
19300
19316
19332
19348
19364
19380
19396
19412
19428
19444
19460
19476
19492
19508
19524
19540
19556
19572
19588
19604
19620
19636
19652
19668
19684
19700
19716
19732
19748
19764
19780
19796
19812
19828
19844
19860
19876
19892
19908
19924
19940
19956
19972
19988
20004
20020
20036
20052
20068
20084
20100
20116
20132
20148
20164
20180
20196
20212
20228
20244
20260
20276
20292
20308
20324
20340
20356
20372
20388
20404
20420
20436
20452
20468
20484
20500
20516
20532
20548
20564
20580
20596
20612
20628
20644
20660
20676
20692
20708
20724
20740
20756
20772
20788
20804
20820
20836
20852
20868
20884
20900
20916
20932
20948
20964
20980
20996
21012
21028
21044
21060
21076
21092
21108
21124
21140
21156
21172
21188
21204
21220
21236
21252
21268
21284
21300
21316
21332
21348
21364
21380
21396
21412
21428
21444
21460
21476
21492
21508
21524
21540
21556
21572
21588
21604
21620
21636
21652
21668
21684
21700
21716
21732
21748
21764
21780
21796
21812
21828
21844
21860
21876
21892
21908
21924
21940
21956
21972
21988
22004
22020
22036
22052
22068
22084
22100
22116
22132
22148
22164
22180
22196
22212
22228
22244
22260
22276
22292
22308
22324
22340
22356
22372
22388
22404
22420
22436
22452
22468
22484
22500
22516
22532
22548
22564
22580
22596
22612
22628
22644
22660
22676
22692
22708
22724
22740
22756
22772
22788
22804
22820
22836
22852
22868
22884
22900
22916
22932
22948
22964
22980
22996
23012
23028
23044
23060
23076
23092
23108
23124
23140
23156
23172
23188
23204
23220
23236
23252
23268
23284
23300
23316
23332
23348
23364
23380
23396
23412
23428
23444
23460
23476
23492
23508
23524
23540
23556
23572
23588
23604
23620
23636
23652
23668
23684
23700
23716
23732
23748
23764
23780
23796
23812
23828
23844
23860
23876
23892
23908
23924
23940
23956
23972
23988
24004
24020
24036
24052
24068
24084
24100
24116
24132
24148
24164
24180
24196
24212
24228
24244
24260
24276
24292
24308
24324
24340
24356
24372
24388
24404
24420
24436
24452
24468
24484
24500
24516
24532
24548
24564
24580
24596
24612
24628
24644
24660
24676
24692
24708
24724
24740
24756
24772
24788
24804
24820
24836
24852
24868
24884
24900
24916
24932
24948
24964
24980
24996
25012
25028
25044
25060
25076
25092
25108
25124
25140
25156
25172
25188
25204
25220
25236
25252
25268
25284
25300
25316
25332
25348
25364
25380
25396
25412
25428
25444
25460
25476
25492
25508
25524
25540
25556
25572
25588
25604
25620
25636
25652
25668
25684
25700
25716
25732
25748
25764
25780
25796
25812
25828
25844
25860
25876
25892
25908
25924
25940
25956
25972
25988
26004
26020
26036
26052
26068
26084
26100
26116
26132
26148
26164
26180
26196
26212
26228
26244
26260
26276
26292
26308
26324
26340
26356
26372
26388
26404
26420
26436
26452
26468
26484
26500
26516
26532
26548
26564
26580
26596
26612
26628
26644
26660
26676
26692
26708
26724
26740
26756
26772
26788
26804
26820
26836
26852
26868
26884
26900
26916
26932
26948
26964
26980
26996
27012
27028
27044
27060
27076
27092
27108
27124
27140
27156
27172
27188
27204
27220
27236
27252
27268
27284
27300
27316
27332
27348
27364
27380
27396
27412
27428
27444
27460
27476
27492
27508
27524
27540
27556
27572
27588
27604
27620
27636
27652
27668
27684
27700
27716
27732
27748
27764
27780
27796
27812
27828
27844
27860
27876
27892
27908
27924
27940
27956
27972
27988
28004
28020
28036
28052
28068
28084
28100
28116
28132
28148
28164
28180
28196
28212
28228
28244
28260
28276
28292
28308
28324
28340
28356
28372
28388
28404
28420
28436
28452
28468
28484
28500
28516
28532
28548
28564
28580
28596
28612
28628
28644
28660
28676
28692
28708
28724
28740
28756
28772
28788
28804
28820
28836
28852
28868
28884
28900
28916
28932
28948
28964
28980
28996
29012
29028
29044
29060
29076
29092
29108
29124
29140
29156
29172
29188
29204
29220
29236
29252
29268
29284
29300
29316
29332
29348
29364
29380
29396
29412
29428
29444
29460
29476
29492
29508
29524
29540
29556
29572
29588
29604
29620
29636
29652
29668
29684
29700
29716
29732
29748
29764
29780
29796
29812
29828
29844
29860
29876
29892
29908
29924
29940
29956
29972
29988
30004
30020
30036
30052
30068
30084
30100
30116
30132
30148
30164
30180
30196
30212
30228
30244
30260
30276
30292
30308
30324
30340
30356
30372
30388
30404
30420
30436
30452
30468
30484
30500
30516
30532
30548
30564
30580
30596
30612
30628
30644
30660
30676
30692
30708
30724
30740
30756
30772
30788
30804
30820
30836
30852
30868
30884
30900
30916
30932
30948
30964
30980
30996
31012
31028
31044
31060
31076
31092
31108
31124
31140
31156
31172
31188
31204
31220
31236
31252
31268
31284
31300
31316
31332
31348
31364
31380
31396
31412
31428
31444
31460
31476
31492
31508
31524
31540
31556
31572
31588
31604
31620
31636
31652
31668
31684
31700
31716
31732
31748
31764
31780
31796
31812
31828
31844
31860
31876
31892
31908
31924
31940
31956
31972
31988
32004
32020
32036
32052
32068
32084
32100
32116
32132
32148
32164
32180
32196
32212
32228
32244
32260
32276
32292
32308
32324
32340
32356
32372
32388
32404
32420
32436
32452
32468
32484
32500
32516
32532
32548
32564
32580
32596
32612
32628
32644
32660
32676
32692
32708
32724
32740
32756
